  4.2204034686392333E-002
-0.13237054353294297     
  2.5040583700447314     
 -2.6266993384215311     
 0.35952449500246075     
-0.21361476830543324     
 -2.0314758539825561E-002
-0.18566392558194877     
-0.31829645038475629     
  5.5455957732988281E-002
 0.48492396828947903     
 -1.2819635664126814     
-0.38086048080471002     
 0.24993316354073336     
 0.90312421493805850     
  9.9490592751180884E-002
 -5.6605255714316627E-002
  1.0209624949827694     
 -1.1035868927745467     
 0.28960520012632962     
 -9.8181796726844794E-002
  2.0443817460358655     
 -7.9467655678513438E-003
 -1.5849257443488067     
-0.73451731242199081     
 -2.4053814346537656     
 0.45256933674203381     
-0.66100215664753748     
 0.61562370643394182     
  1.3022735778788039     
 0.52372159635016935     
 0.78492040102337590     
-0.29163491304422706     
-0.15117833582826190     
 0.51111663260185125     
 -1.3845308404097043     
-0.23360051748414090     
 -9.1223549698733919E-002
-0.81662721586212861     
  9.3440567048666878E-002
  1.2298963888017598     
-0.16425510990048053     
  9.1018332686987335E-002
 0.13403927776433022     
 -1.3317801720346498     
 0.13755950528932992     
-0.68742528991265406     
-0.69626716681994161     
-0.73488700519460437     
 0.38177770446330861     
 -1.5015435377198676     
 -1.5528364410887665     
 0.36431943837132508     
 0.34768638567850818     
 0.24453795374114229     
 -1.4254760484122002     
 -1.2455189499907284     
 0.58270071336771978     
  2.8609025645405239E-002
-0.74188967020528551     
 -2.1701588572405113     
 -1.7864926213751069 